"Pressao"
"mbar"
1017
1017
1016
1016
1015
1015
1016
1016
1016
1016
1017
1016
1016
1015
1014
1013
1013
1012
1013
1013
1013
1014
1014
1014
1014
1013
1013
1012
1012
1011
1012
1012
1012
1013
1013
1012
1011
1011
1010
1009
1009
1009
1010
1010
1011
1012
1012
1012
1012
1012
1011
1010
1010
1011
1011
1011
1012
1012
1012
1012
1012
1012
1011
1010
1010
1011
1010
1011
1011
1012
1012
1012
1012
1012
1011
1012
1011
1010
1010
1010
1011
1011
1011
1010
1010
1009
1008
1008
1008
1007
1006
1006
1007
1008
1009
1008
1008
1007
1006
1006
1005
1006
1007
1007
1008
1008
1008
1008
1007
1008
1007
1007
1007
1006
1006
1007
1007
1008
1008
1008
1008
1007
1007
1006
1006
1006
1006
1007
1007
1007
1008
1007
1007
1006
1006
1006
1005
1005
1006
1006
1007
1007
1008
1008
1008
1007
1006
1007
1007
1007
1007
1008
1009
1010
1010
1009
1009
1009
1008
1007
1007
1007
1008
1010
1011
1010
1010
1010
1010
1010
1009
1009
1009
1010
1011
1011
1012
1012
1012
1011
1010
1009
1009
1009
1008
1009
1009
1010
1012
1012
1012
1012
1012
1012
1011
1010
1010
1011
1012
1013
1013
1013
1013
1012
1012
1011
1011
1011
1011
1011
1012
1013
1014
1013
1013
1013
1013
1013
1013
1013
1012
1012
1013
1014
1015
1015
1015
1015
1014
1014
1013
1013
1012
1012
1013
1014
1014
1014
1014
1013
1013
1012
1012
1013
1013
1014
1014
1014
1014
1014
1014
1013
1013
1013
1013
1013
1014
1014
1015
1015
1015
1015
1015
1015
1014
1014
1014
1015
1015
1016
1016
1017
1016
1016
1016
1015
1014
1014
1014
1015
1015
1016
1016
1016
1016
1016
1016
1016
1015
1015
1015
1015
1016
1016
1017
1017
1017
1016
1016
1016
1015
1015
1015
1015
1016
1017
1017
1017
1017
1016
1016
1015
1015
1015
1016
1016
1017
1017
1017
1017
1016
1016
1016
1015
1015
1014
1015
1015
1016
1016
1017
1016
1017
1016
1016
1016
1015
1015
1016
1016
1017
1017
1017
1017
1017
1016
1016
1015
1015
1014
1014
1015
1015
1016
1016
1016
1016
1016
1015
1015
1014
1014
1015
1015
1016
1016
1016
1016
1015
1015
1014
1014
1013
1013
1013
1014
1014
1015
1016
1016
1016
1015
1016
1015
1015
1015
1015
1016
1017
1017
1017
1017
1017
1016
1015
1015
1014
1014
1014
1014
1014
1015
1016
1016
1016
1016
1015
1015
1014
1014
1014
1015
1015
1015
1015
1015
1015
1014
1014
1013
1013
1013
1013
1013
1014
1014
1015
1015
1015
1015
1014
1013
1013
1013
1013
1014
1014
1014
1014
1014
1013
1012
1011
1011
1010
1010
1010
1011
1012
1013
1013
1013
1013
1012
1012
1011
1010
1010
1011
1011
1011
1011
1011
1011
1011
1010
1010
1010
1010
1010
1011
1011
1012
1013
1013
1013
1013
1013
1013
1012
1013
1014
1014
1015
1015
1015
1015
1015
1014
1014
1013
1014
1014
1014
1015
1016
1016
1017
1016
1016
1016
1016
1016
1016
1016
1017
1017
1018
1018
1018
1018
1018
1017
1016
1016
1016
1016
1016
1016
1017
1018
1018
1018
1018
1018
1017
1017
1017
1017
1017
1017
1018
1018
1018
1018
1017
1016
1015
1014
1013
1014
1013
1014
1015
1016
1015
1015
1015
1014
1014
1013
1012
1012
1012
1013
1014
1014
1015
1015
1015
1014
1014
1014
1014
1014
1014
1014
1015
1015
1015
1016
1016
1016
1015
1014
1014
1014
1014
1015
1015
1016
1016
1015
1014
1013
1013
1011
1010
1011
1011
1011
1012
1012
1012
1012
1012
1011
1009
1009
1008
1008
1009
1009
1010
1010
1010
1010
1010
1010
1010
1010
1010
1011
1011
1012
1013
1013
1014
1014
1015
1015
1014
1014
1014
1014
1015
1016
1016
1017
1017
1017
1016
1015
1015
1015
1015
1015
1015
1016
1016
1017
1017
1018
1017
1017
1016
1016
1016
1016
1016
1016
1017
1017
1017
1017
1016
1015
1014
1014
1013
1013
1013
1013
1014
1014
1014
1014
1014
1013
1013
1012
1012
1012
1012
1012
1013
1013
1014
1013
1013
1012
1012
1011
1011
1012
1013
1012
1014
1014
1014
1013
1013
1012
1012
1012
1012
1012
1012
1011
1012
1012
1013
1012
1012
1012
1011
1011
1011
1011
1011
1012
1013
1013
1014
1013
1013
1013
1012
1012
1011
1011
1012
1012
1013
1014
1014
1013
1013
1012
1011
1010
1011
1011
1011
1011
1011
1011
1012
1012
