"Temp"
"C"
25
24.82
24.5
24.98
24.34
23.4
23.06
22.68
21.77
22.49
23.52
25.4
25.42
25.49
25.18
25
24.26
24.32
23.06
22.48
22.46
22.12
21.49
20.92
20.72
20.35
20.15
20.4
19.88
20.17
19.52
19.66
20.13
23.66
25.74
26.34
27.45
27.28
26.71
26.48
26.35
24.66
23.82
23.59
23.32
22.99
23.04
22.27
22.35
22.3
22.25
22.26
21.96
20.9
20.1
20.76
21.48
23.83
25.44
26.44
27.06
27.09
27.3
27.49
26.81
25.89
24.56
23.98
23.51
23.4
23.18
23.72
23.28
23.6
23.13
23.22
23.16
23.14
22.18
22.03
22.94
26.1
27.03
27.4
27.99
28.49
29.56
29.2
28.36
27.17
26.29
25.85
25.73
25.5
24.78
24.58
24.45
24.44
24.08
23.86
23.14
23.2
22.68
22.9
23.47
25.02
26.27
27.11
27.66
27.03
27.04
25.66
24.64
24.62
24.36
23.93
22.08
22.52
22.06
22.14
21.8
21.8
21.62
21.66
21.74
21.86
21.58
21.61
22.3
22.6
23.66
24.17
24.42
25.05
24.04
22.84
21.88
21.55
20.88
20.36
19.88
20.04
20.12
19.66
19.14
18.9
18.71
18.86
18.78
18.84
18.84
18.84
19.12
19.15
19.45
19.89
20.07
20.92
20.76
20.75
20.91
20.54
20.16
19.86
19.9
20
19.96
20.12
20.04
20.07
20.02
19.93
20.05
20.24
20.12
20.18
20.71
21.08
21.2
21.56
21.01
21.33
21.88
22.27
22.04
22.04
21.64
21.52
21.22
21.18
21.6
20.59
20.6
20.6
20.3
20.42
20.34
20.28
20.17
20.12
20.17
22.56
24.68
25.21
25.79
25.46
24.78
24.3
24.88
24.48
23.86
22.99
22.38
22.07
21.56
21.94
21.55
21.66
21.71
21.52
21.65
21.3
21.37
21.47
21.61
22.96
24.03
24.18
25.8
26.16
26.31
27.08
26.45
25.13
24.23
23.82
23.88
23.78
23.76
23.96
23.87
23.72
23.86
23.73
23.39
23.26
22.82
22.44
23.15
25.42
26.15
26.48
27.24
27.87
27.86
27.36
26.88
25.5
24.38
23.78
23.38
23.02
22.94
23.11
22.8
22.5
22.52
21.62
21.22
21.14
20.95
20.99
21.66
24.76
26.49
27.39
27.78
28.84
29
29.55
29.55
28.44
26.72
25.39
25
24.62
24.51
24.27
24.16
23.83
23.65
23.18
22.91
22.37
21.94
21.43
22.4
25.11
28.16
27.7
27.26
27.76
27.03
26.5
25.44
24.19
24.02
23.92
23.96
23.57
23.43
23.49
23.19
22.96
23.02
23.05
22.85
22.9
22.45
21.44
21.24
21.93
21.48
20.84
20.61
20.68
20.89
20.49
20.24
20.2
19.84
19.77
19.8
19.62
19.32
19.5
18.93
18.96
19.13
19
19.1
19.64
19.63
19.85
20.43
21.17
21.33
23.15
22.97
24.1
24.16
24.72
23.98
23.49
22.48
22.03
21.87
21.87
21.73
21.46
21.12
21.45
21.28
20.98
20.54
20.31
20.17
19.94
21.52
22.43
22.46
24.39
24.91
25.26
25.44
25.28
24.92
24.4
23.68
23.77
23.42
23.33
22.8
22.59
22.19
22.18
22.1
22.02
22.24
22.56
22.35
22.05
23.04
25.26
26.54
25.65
26.7
26.64
26.43
26.26
24.15
22.33
21.56
21.26
21.06
19.8
19.69
19.29
20.05
19.82
19.43
19.34
19.14
19.1
19.08
19.18
19.81
20.42
20.49
20.36
22.4
21.28
23.01
23.93
23.28
22.67
22.02
20.9
21.29
21.24
21.3
20.78
20.55
19.72
18.9
18.51
18.4
17.98
17.4
16.72
17.32
22.47
23.06
23.96
24.67
25.08
24.38
25.27
24.23
23.18
21.92
21.29
20.21
20.6
19.03
17.64
16.28
16.62
15.28
14.81
14.47
14.11
13.46
14.16
14.58
18.64
20.5
20.95
22.71
23.71
24.41
25.1
23.97
22.34
21.06
19.94
19.91
19.47
19.34
18.28
17.38
16.58
16.32
15.82
15.81
15.56
15.3
15.86
17.27
18.73
19.98
21.22
22.47
22.86
23.23
22.95
23.01
22.32
21.67
21.23
21.07
20.55
20.67
20.6
19.72
19.9
19.28
19.43
19.38
19.5
19.64
19.25
19.91
22
22.76
24.13
25.28
24.61
26.1
26.08
25.58
24.41
23.28
22.35
21.63
20.85
20.48
20.43
20.66
20.52
20.12
19.66
19.18
19.24
18.76
19.2
20.14
22.35
24.13
24.85
25.23
24.62
24.11
23.67
23.79
22.88
21.78
20.65
20.44
20.58
20.26
20.32
20.13
19.62
19.7
19.39
19.3
19.18
19.24
19.28
20.04
22.4
23.89
23.15
23.49
23.79
24.84
23.38
23.92
23.25
21.95
21.05
20.58
20.51
20.72
20.31
20
19.71
19.44
19.6
19.55
19.19
19.1
18.95
20.52
22.79
24.52
25.13
25.74
26.16
26.83
26.64
26.08
25.05
23.73
22.52
22.4
20.94
21.16
21.57
21.26
21.38
21.28
20.78
20.7
20.75
20.58
20.56
21.7
22.89
22.86
23.95
23.7
25.02
26.62
26.85
27.06
24.93
24.2
23.49
22.52
21.76
21.66
21.34
21.56
21.68
21.23
21
20.86
20.18
19.98
19.64
20.69
22.52
24.49
26.43
26.18
25.64
25.83
25.85
24.96
23.53
22.7
22.12
22.16
22.03
21.64
21.19
20.98
20.89
20.49
19.92
19.86
19.5
19.13
18.82
18.54
21.82
23.3
25.26
25.7
25.81
25.88
24.57
23.46
22.6
22.16
21.98
21.98
21.62
21.12
20.48
19.66
18.84
19.19
20.15
20.04
19.18
19.18
18.22
19
21.58
23.51
24.5
23.84
24.42
24.86
25.08
24.28
23.57
22.59
21.89
22.04
22.28
21.88
21.85
22.02
21.98
21.05
20.31
19.66
19.45
19.1
18.82
19.48
22.9
24.14
24.95
25.9
26.23
26.22
26.09
26.2
24.87
23.71
22.99
22.55
22.57
22.58
22.88
