"Temp"
"C"
24.08
23.2
23.04
23.45
23.48
22.96
22.98
23.58
24.42
25.41
25.42
26.24
26.03
25.58
26.4
26.63
27.41
27.38
25.89
24.86
24.28
24.41
24.55
24.72
24.9
24.4
24.6
24.35
24.12
23.76
23.56
23.78
25.53
26.98
27.84
30.07
30.91
31.44
31.12
31.59
30.43
28.99
27.51
26.77
26.52
26.36
26.33
26.26
26.17
26.1
25.97
25.92
25.68
25.65
25.53
25.76
26.7
27.01
27.74
27.76
28.3
30.4
30.74
30.12
28.7
27.32
26.89
26.64
26.63
25.69
25.5
25.79
25.34
25.4
25.23
24.96
24.52
24.27
24.02
24.12
25.4
26.54
28.42
29.49
29.94
30.33
28.77
30.02
27.47
26.61
26.7
26.23
25.41
24.88
25.04
25.8
25.58
24.88
24.4
24.53
24.31
24.63
24.45
24.58
26.02
26.87
28.15
28.74
30.5
26.75
25.42
24.45
24.9
25.3
25.02
24.42
24.45
24.54
24.56
24.33
23.76
23.61
23.52
23.22
23.1
22.92
23.27
23.64
24.64
25.55
26.8
28.39
29.64
30.15
30
28.2
27.99
27.2
26.64
26.06
23.71
24.44
24.95
24.92
25.32
25.53
24.02
23.89
23.46
23.17
23.36
23.36
23.93
24.79
25.87
27.18
29.15
29.77
30.06
29.75
28.93
27.14
26.71
26.48
22.96
22.79
23.16
23.35
23.24
23.63
23.51
23.21
23.23
23.49
23.54
22.8
23.7
24.87
26.37
28.16
29.86
30.65
30.82
30.77
30.98
29.48
28.08
27.36
26.97
26.71
26.76
26.86
26.53
26.48
26.66
25.27
24.9
24.84
25.28
26.39
27.66
28.74
28.63
30.6
31.06
30.97
31.16
31.37
30.6
28.72
28.07
27.76
27.24
26.77
26.42
26.37
25.9
25.76
25.54
25.75
25.24
25.02
25.28
26.11
26.52
27.2
27.84
29
28.62
28.54
27.74
27.83
27.59
27.78
26
25.87
25.35
25.52
24.51
23.7
23.66
23.6
23.28
23.2
23.24
24.43
26.35
27.85
29.44
29.14
29.76
29.36
29.22
28.69
28.54
27.28
26.27
26.11
26.23
24.9
24.88
24.92
24.92
24.43
24.13
24.3
24.18
24.08
24.17
24.62
24.43
27.15
27.39
29.32
29.42
29.41
28.05
27.56
26.72
26.99
26.52
24.35
25.63
24.93
24.27
23.7
24.5
24.09
23.97
23.76
23.75
23.26
23.58
24.64
24.76
27.8
28.08
29.41
29.2
29.45
27.12
25.59
26.25
25.63
25.62
24.6
24.4
24.06
24.25
24.08
23.88
23.76
23.41
23.65
23.34
23.54
24.49
26.23
28.32
28.48
29.23
28.78
28.71
28.43
29.53
27.49
27.19
26.35
25.65
25.11
25.12
24.54
24.53
24.36
24.02
24.2
24.21
24.28
24.21
24.4
26.08
27.26
28.77
29.63
29.88
29.23
29.49
29.97
29.49
28.12
26.82
26.19
25.55
25.23
23.96
23.54
23.91
23.35
23.46
23.24
23.32
22.94
22.88
23
24.12
25.12
27.02
27.67
28.96
29.56
30.28
30.29
29.75
29.2
27.53
26.48
26.04
25.84
25.66
25.79
24.99
25.18
24.21
23.68
23.97
23.52
23.72
23.95
24.89
26.35
27.42
27.58
28.55
29.62
30.46
29.9
28.98
28.76
27.47
25.97
25.22
24.08
23.64
23.7
24.29
24.32
23.84
22.97
22.62
22.54
22.2
22.34
24.57
26.09
27.66
29.2
28.89
29.58
30.41
30
29.42
28.93
27.42
26.26
25.36
24.98
24.76
24.86
25.1
24.48
24.05
24.34
23.44
23.2
22.72
22.88
24.72
26.14
27.65
29.03
29.59
30.25
30.74
30.98
29.96
29.22
28.15
27.02
26.94
27.02
27.12
26.74
26.42
26.14
26.1
25.52
25.49
25.38
25.47
25.4
26.46
28.08
29.22
31.47
32.7
33.26
34.06
34.14
30.39
29.26
29.56
29.43
26.73
28.06
27.6
26.64
25.99
25.56
25.11
24.08
24.48
24.12
24.27
25.74
27.95
29.09
30.29
30.69
31.2
30.08
29.85
27.65
27.1
26.52
26.4
26.48
26.36
26.39
26.22
26.27
25.76
25.91
25.59
25.54
25.17
24.76
24.95
25.6
26.87
28.6
28.66
29.39
29.08
28.99
29.21
26.86
26.36
25.49
25.21
25.56
25.58
25.01
24.87
25.28
25.65
25.02
24.75
23
23.55
23.53
23.35
23.55
23.65
23.82
25.64
27.4
28.48
29.1
29.2
29.22
28.12
27.31
27.04
27
27.24
26.3
25.79
24.64
24.86
24.88
24.34
23.98
23.84
23.74
24.53
25.99
27.28
27.74
28.5
29.53
30.6
27.3
26.42
26.16
25.87
25.23
24.98
24.76
24.36
24.08
24.16
23.86
24.16
23.86
23.3
23.71
23.59
23.26
23.64
24.69
26.42
27.38
27.41
27.94
29.02
28.95
29.25
29.53
28.09
26.54
26.07
26.02
26.3
25.9
26.4
25.9
26.02
25.98
25.85
25.92
26.02
25.96
26
26.33
28.34
28.55
30.16
31.43
30.39
29.18
28.24
27.59
25.89
25.18
25.39
25.68
25.32
24.89
24.54
24.18
24.01
23.8
23.37
23.14
22.76
22.42
22.15
23.72
25.52
26
27.67
28.06
28.57
27.5
26.86
26.1
25.42
24.2
23.76
23.42
22.86
22.86
22.88
22.88
22.27
21.97
21.38
20.59
20.86
20.9
21.69
22.73
24.23
24.94
26.14
27.07
27.4
27.69
26.62
26.04
25.62
25.29
24.94
25.1
25.44
25.24
24.88
25.08
24.92
24.06
24
24.53
24.51
24.96
24.94
25.74
27.29
27.78
29.63
29.76
30.4
30.25
29.81
27.71
27.02
23.58
23.41
23.12
22.95
23.39
23.03
23.07
22.34
22.32
22.62
23.09
23.84
22.38
23.12
23.83
27.02
28.86
29.64
29.31
29.94
31.09
29.96
29.64
28.56
26.47
25.78
25.46
25.31
25.04
24.54
24.77
24.55
24.6
23.72
22.94
23.14
22.84
22.58
23.75
27.17
26.98
27.78
27.81
29.22
30.28
29.38
28.71
27.86
26.16
25.96
25.75
25.04
25.36
24.66
