"Temp"
"C"
31.54
30.76
29.46
28.59
27.9
27.88
28
28.04
27.82
27.49
26.92
26.38
25.98
25.79
25.47
25.55
27.6
28.68
30.39
30.96
31.78
32.45
32.29
32.28
31.05
26.76
23.84
24.77
25.16
25.15
25.29
25.63
25.67
25.71
25.71
25.46
24.83
25.26
25.52
26.02
26.99
27.81
28.58
29.02
30.06
29.16
30.45
28.36
27.77
26.65
25.1
24.16
24.66
24.56
24.09
23.97
24.29
24.32
23.98
24.12
24.08
23.94
23.62
23.1
23.45
23.76
23.48
23.17
24.08
24.96
26.03
26.94
28.1
28.21
27.2
25.32
25.09
25.29
25.31
24.91
25.32
25.8
25.63
25.53
25.52
25.91
26.09
26.58
26.77
27.24
28.1
28.9
29.04
30
27.85
28
27.13
24.63
23.73
23.85
23.24
23.08
23.15
22.91
23.4
22.96
22.7
22.53
22.31
21.75
21.57
21.61
21.63
21.49
22.79
23.63
23.1
22.9
22.5
22.88
23.08
22.04
21.34
20.97
20.59
19.92
19.84
19.69
18.98
18.81
18.88
18.93
19.06
19.74
19.77
19.91
22.71
22.82
24.33
25.4
26.16
26
25.72
25.65
24.86
24.23
23.7
22.03
21.94
20.71
20.8
20.78
20.76
20.61
21.3
21.56
21.81
21.86
20.98
20.52
20.07
20.61
21.22
21.46
22.01
23.41
22.91
22.63
22.54
22.7
22.62
22.49
22.53
22.68
22.48
22.62
22.72
22.88
22.88
22.45
22.04
22.14
21.53
21.69
21.87
22.44
22.17
23.68
26.3
26.98
27.82
26.29
26.42
24.74
23.76
24.03
24.01
23.92
23.83
23.42
23.32
22.47
22.24
22.04
21.4
20.82
20.68
21.39
23.45
24.41
26.63
28.27
27.74
27.32
26.96
26.38
25.91
25.7
25.14
24.72
24.36
24.13
23.7
23.36
23.38
23.17
22.51
22.64
22.5
22.44
22.54
22.71
23.81
24.75
24.72
24.3
24.13
23.97
24.8
24.62
25.85
25.39
24.53
24.04
23.79
23.91
23.25
22.71
22.64
22.4
22.11
21.67
21.65
21.8
21.98
22.51
23.76
25.09
24.96
25.96
25.87
26.08
25.58
27
26.62
27.21
26.42
25.61
25.29
25.07
25.19
24.95
24.62
24.36
24.15
23.58
23.57
23.32
23.56
23.86
25.77
27.75
28.48
30.02
31.54
32.31
31.76
32.16
31.47
30.26
29.44
28.94
27.56
25.99
26.2
25.61
25.11
24.81
24.52
24.26
24.69
24.25
23.9
24.34
27.32
29.93
31.24
32.19
32.12
32.2
28.89
28.98
27.19
23.56
24.1
23.65
23.79
24.06
23.84
23.18
22.87
22.66
22.23
22.38
22.38
21.5
21.99
22.28
24.15
25.82
27.34
27.05
29.05
29.53
30.43
30.28
29.59
29.55
27.02
25.58
25.44
25.35
24.87
25.18
24.62
24.31
23.94
23.88
23.86
23.89
23.46
23.54
24.22
26.17
27.01
27.91
27.42
29.33
28.62
28.54
27.64
27.23
26.22
25.5
25.39
24.99
25.04
24.3
